Clone / copy the file in your exercices repository and run cc -Wall -Werror -Wextra C01_tests.c */*.c && ./a.out
The output should look like this :



ft_ft tests
42 42 42 42 42
42 42 42 42 42


ft_ultimate_ft tests
42 42 42 42 42
42 42 42 42 42 


ft_swap tests
2147483647 42 0 -1 -2147483648
2147483647 42 0 -1 -2147483648


ft_div_mod tests
97612893 -2
97612893 -2
0 -42
0 -42
8 0
8 0
-1 0
-1 0
-1 0
-1 0
0 28
0 28
1 4
1 4
0 2147483647
0 2147483647
0 0
0 0
0 0
0 0 


ft_ultimate_div_mod tests
97612893 -2
97612893 -2
0 -42
0 -42
8 0
8 0
-1 0 
-1 0
-1 0
-1 0
0 28
0 28
1 4
1 4 
0 2147483647 
0 2147483647
0 0
0 0
0 0
0 0 


ft_putstr tests
E 
E  
Jambonfromagequiroule VRAIMENT
Jambonfromagequiroule VRAIMENT
0o
0o


ft_strlen tests
1 0 30 2
1 0 30 2


ft_rev_int_tab tests
0
0
11
11
11 121
11 121
121 11 12321
121 11 12321
12321 11 121 1234321
12321 11 121 1234321
1234321 121 11 12321 123454321
1234321 121 11 12321 123454321
123454321 12321 11 121 1234321
123454321 12321 11 121 1234321


ft_sort_int_tab tests
0 
0 
123454321  
123454321
123454321 1234321
123454321 1234321
1234321 123454321 12321
1234321 123454321 12321
12321 1234321 123454321 121
12321 1234321 123454321 121
121 12321 1234321 123454321 11
121 12321 1234321 123454321 11
11 121 12321 1234321 123454321
11 121 12321 1234321 123454321
